// IMDCT long cos[i][k], i in 0..36, k in 0..18
pub static IMDCT_LONG: [[f32; 18]; 36] = [
    [-0.0871557427, 0.2588190451, -0.4226182617, 0.5735764364, -0.7071067812, 0.8191520443, -0.9063077870, 0.9659258263, -0.9961946981, 0.9961946981, -0.9659258263, 0.9063077870, -0.8191520443, 0.7071067812, -0.5735764364, 0.4226182617, -0.2588190451, 0.0871557427, ],
    [-0.2588190451, 0.7071067812, -0.9659258263, 0.9659258263, -0.7071067812, 0.2588190451, 0.2588190451, -0.7071067812, 0.9659258263, -0.9659258263, 0.7071067812, -0.2588190451, -0.2588190451, 0.7071067812, -0.9659258263, 0.9659258263, -0.7071067812, 0.2588190451, ],
    [-0.4226182617, 0.9659258263, -0.8191520443, 0.0871557427, 0.7071067812, -0.9961946981, 0.5735764364, 0.2588190451, -0.9063077870, 0.9063077870, -0.2588190451, -0.5735764364, 0.9961946981, -0.7071067812, -0.0871557427, 0.8191520443, -0.9659258263, 0.4226182617, ],
    [-0.5735764364, 0.9659258263, -0.0871557427, -0.9063077870, 0.7071067812, 0.4226182617, -0.9961946981, 0.2588190451, 0.8191520443, -0.8191520443, -0.2588190451, 0.9961946981, -0.4226182617, -0.7071067812, 0.9063077870, 0.0871557427, -0.9659258263, 0.5735764364, ],
    [-0.7071067812, 0.7071067812, 0.7071067812, -0.7071067812, -0.7071067812, 0.7071067812, 0.7071067812, -0.7071067812, -0.7071067812, 0.7071067812, 0.7071067812, -0.7071067812, -0.7071067812, 0.7071067812, 0.7071067812, -0.7071067812, -0.7071067812, 0.7071067812, ],
    [-0.8191520443, 0.2588190451, 0.9961946981, 0.4226182617, -0.7071067812, -0.9063077870, 0.0871557427, 0.9659258263, 0.5735764364, -0.5735764364, -0.9659258263, -0.0871557427, 0.9063077870, 0.7071067812, -0.4226182617, -0.9961946981, -0.2588190451, 0.8191520443, ],
    [-0.9063077870, -0.2588190451, 0.5735764364, 0.9961946981, 0.7071067812, -0.0871557427, -0.8191520443, -0.9659258263, -0.4226182617, 0.4226182617, 0.9659258263, 0.8191520443, 0.0871557427, -0.7071067812, -0.9961946981, -0.5735764364, 0.2588190451, 0.9063077870, ],
    [-0.9659258263, -0.7071067812, -0.2588190451, 0.2588190451, 0.7071067812, 0.9659258263, 0.9659258263, 0.7071067812, 0.2588190451, -0.2588190451, -0.7071067812, -0.9659258263, -0.9659258263, -0.7071067812, -0.2588190451, 0.2588190451, 0.7071067812, 0.9659258263, ],
    [-0.9961946981, -0.9659258263, -0.9063077870, -0.8191520443, -0.7071067812, -0.5735764364, -0.4226182617, -0.2588190451, -0.0871557427, 0.0871557427, 0.2588190451, 0.4226182617, 0.5735764364, 0.7071067812, 0.8191520443, 0.9063077870, 0.9659258263, 0.9961946981, ],
    [-0.9961946981, -0.9659258263, -0.9063077870, -0.8191520443, -0.7071067812, -0.5735764364, -0.4226182617, -0.2588190451, -0.0871557427, 0.0871557427, 0.2588190451, 0.4226182617, 0.5735764364, 0.7071067812, 0.8191520443, 0.9063077870, 0.9659258263, 0.9961946981, ],
    [-0.9659258263, -0.7071067812, -0.2588190451, 0.2588190451, 0.7071067812, 0.9659258263, 0.9659258263, 0.7071067812, 0.2588190451, -0.2588190451, -0.7071067812, -0.9659258263, -0.9659258263, -0.7071067812, -0.2588190451, 0.2588190451, 0.7071067812, 0.9659258263, ],
    [-0.9063077870, -0.2588190451, 0.5735764364, 0.9961946981, 0.7071067812, -0.0871557427, -0.8191520443, -0.9659258263, -0.4226182617, 0.4226182617, 0.9659258263, 0.8191520443, 0.0871557427, -0.7071067812, -0.9961946981, -0.5735764364, 0.2588190451, 0.9063077870, ],
    [-0.8191520443, 0.2588190451, 0.9961946981, 0.4226182617, -0.7071067812, -0.9063077870, 0.0871557427, 0.9659258263, 0.5735764364, -0.5735764364, -0.9659258263, -0.0871557427, 0.9063077870, 0.7071067812, -0.4226182617, -0.9961946981, -0.2588190451, 0.8191520443, ],
    [-0.7071067812, 0.7071067812, 0.7071067812, -0.7071067812, -0.7071067812, 0.7071067812, 0.7071067812, -0.7071067812, -0.7071067812, 0.7071067812, 0.7071067812, -0.7071067812, -0.7071067812, 0.7071067812, 0.7071067812, -0.7071067812, -0.7071067812, 0.7071067812, ],
    [-0.5735764364, 0.9659258263, -0.0871557427, -0.9063077870, 0.7071067812, 0.4226182617, -0.9961946981, 0.2588190451, 0.8191520443, -0.8191520443, -0.2588190451, 0.9961946981, -0.4226182617, -0.7071067812, 0.9063077870, 0.0871557427, -0.9659258263, 0.5735764364, ],
    [-0.4226182617, 0.9659258263, -0.8191520443, 0.0871557427, 0.7071067812, -0.9961946981, 0.5735764364, 0.2588190451, -0.9063077870, 0.9063077870, -0.2588190451, -0.5735764364, 0.9961946981, -0.7071067812, -0.0871557427, 0.8191520443, -0.9659258263, 0.4226182617, ],
    [-0.2588190451, 0.7071067812, -0.9659258263, 0.9659258263, -0.7071067812, 0.2588190451, 0.2588190451, -0.7071067812, 0.9659258263, -0.9659258263, 0.7071067812, -0.2588190451, -0.2588190451, 0.7071067812, -0.9659258263, 0.9659258263, -0.7071067812, 0.2588190451, ],
    [-0.0871557427, 0.2588190451, -0.4226182617, 0.5735764364, -0.7071067812, 0.8191520443, -0.9063077870, 0.9659258263, -0.9961946981, 0.9961946981, -0.9659258263, 0.9063077870, -0.8191520443, 0.7071067812, -0.5735764364, 0.4226182617, -0.2588190451, 0.0871557427, ],
    [0.0871557427, -0.2588190451, 0.4226182617, -0.5735764364, 0.7071067812, -0.8191520443, 0.9063077870, -0.9659258263, 0.9961946981, -0.9961946981, 0.9659258263, -0.9063077870, 0.8191520443, -0.7071067812, 0.5735764364, -0.4226182617, 0.2588190451, -0.0871557427, ],
    [0.2588190451, -0.7071067812, 0.9659258263, -0.9659258263, 0.7071067812, -0.2588190451, -0.2588190451, 0.7071067812, -0.9659258263, 0.9659258263, -0.7071067812, 0.2588190451, 0.2588190451, -0.7071067812, 0.9659258263, -0.9659258263, 0.7071067812, -0.2588190451, ],
    [0.4226182617, -0.9659258263, 0.8191520443, -0.0871557427, -0.7071067812, 0.9961946981, -0.5735764364, -0.2588190451, 0.9063077870, -0.9063077870, 0.2588190451, 0.5735764364, -0.9961946981, 0.7071067812, 0.0871557427, -0.8191520443, 0.9659258263, -0.4226182617, ],
    [0.5735764364, -0.9659258263, 0.0871557427, 0.9063077870, -0.7071067812, -0.4226182617, 0.9961946981, -0.2588190451, -0.8191520443, 0.8191520443, 0.2588190451, -0.9961946981, 0.4226182617, 0.7071067812, -0.9063077870, -0.0871557427, 0.9659258263, -0.5735764364, ],
    [0.7071067812, -0.7071067812, -0.7071067812, 0.7071067812, 0.7071067812, -0.7071067812, -0.7071067812, 0.7071067812, 0.7071067812, -0.7071067812, -0.7071067812, 0.7071067812, 0.7071067812, -0.7071067812, -0.7071067812, 0.7071067812, 0.7071067812, -0.7071067812, ],
    [0.8191520443, -0.2588190451, -0.9961946981, -0.4226182617, 0.7071067812, 0.9063077870, -0.0871557427, -0.9659258263, -0.5735764364, 0.5735764364, 0.9659258263, 0.0871557427, -0.9063077870, -0.7071067812, 0.4226182617, 0.9961946981, 0.2588190451, -0.8191520443, ],
    [0.9063077870, 0.2588190451, -0.5735764364, -0.9961946981, -0.7071067812, 0.0871557427, 0.8191520443, 0.9659258263, 0.4226182617, -0.4226182617, -0.9659258263, -0.8191520443, -0.0871557427, 0.7071067812, 0.9961946981, 0.5735764364, -0.2588190451, -0.9063077870, ],
    [0.9659258263, 0.7071067812, 0.2588190451, -0.2588190451, -0.7071067812, -0.9659258263, -0.9659258263, -0.7071067812, -0.2588190451, 0.2588190451, 0.7071067812, 0.9659258263, 0.9659258263, 0.7071067812, 0.2588190451, -0.2588190451, -0.7071067812, -0.9659258263, ],
    [0.9961946981, 0.9659258263, 0.9063077870, 0.8191520443, 0.7071067812, 0.5735764364, 0.4226182617, 0.2588190451, 0.0871557427, -0.0871557427, -0.2588190451, -0.4226182617, -0.5735764364, -0.7071067812, -0.8191520443, -0.9063077870, -0.9659258263, -0.9961946981, ],
    [0.9961946981, 0.9659258263, 0.9063077870, 0.8191520443, 0.7071067812, 0.5735764364, 0.4226182617, 0.2588190451, 0.0871557427, -0.0871557427, -0.2588190451, -0.4226182617, -0.5735764364, -0.7071067812, -0.8191520443, -0.9063077870, -0.9659258263, -0.9961946981, ],
    [0.9659258263, 0.7071067812, 0.2588190451, -0.2588190451, -0.7071067812, -0.9659258263, -0.9659258263, -0.7071067812, -0.2588190451, 0.2588190451, 0.7071067812, 0.9659258263, 0.9659258263, 0.7071067812, 0.2588190451, -0.2588190451, -0.7071067812, -0.9659258263, ],
    [0.9063077870, 0.2588190451, -0.5735764364, -0.9961946981, -0.7071067812, 0.0871557427, 0.8191520443, 0.9659258263, 0.4226182617, -0.4226182617, -0.9659258263, -0.8191520443, -0.0871557427, 0.7071067812, 0.9961946981, 0.5735764364, -0.2588190451, -0.9063077870, ],
    [0.8191520443, -0.2588190451, -0.9961946981, -0.4226182617, 0.7071067812, 0.9063077870, -0.0871557427, -0.9659258263, -0.5735764364, 0.5735764364, 0.9659258263, 0.0871557427, -0.9063077870, -0.7071067812, 0.4226182617, 0.9961946981, 0.2588190451, -0.8191520443, ],
    [0.7071067812, -0.7071067812, -0.7071067812, 0.7071067812, 0.7071067812, -0.7071067812, -0.7071067812, 0.7071067812, 0.7071067812, -0.7071067812, -0.7071067812, 0.7071067812, 0.7071067812, -0.7071067812, -0.7071067812, 0.7071067812, 0.7071067812, -0.7071067812, ],
    [0.5735764364, -0.9659258263, 0.0871557427, 0.9063077870, -0.7071067812, -0.4226182617, 0.9961946981, -0.2588190451, -0.8191520443, 0.8191520443, 0.2588190451, -0.9961946981, 0.4226182617, 0.7071067812, -0.9063077870, -0.0871557427, 0.9659258263, -0.5735764364, ],
    [0.4226182617, -0.9659258263, 0.8191520443, -0.0871557427, -0.7071067812, 0.9961946981, -0.5735764364, -0.2588190451, 0.9063077870, -0.9063077870, 0.2588190451, 0.5735764364, -0.9961946981, 0.7071067812, 0.0871557427, -0.8191520443, 0.9659258263, -0.4226182617, ],
    [0.2588190451, -0.7071067812, 0.9659258263, -0.9659258263, 0.7071067812, -0.2588190451, -0.2588190451, 0.7071067812, -0.9659258263, 0.9659258263, -0.7071067812, 0.2588190451, 0.2588190451, -0.7071067812, 0.9659258263, -0.9659258263, 0.7071067812, -0.2588190451, ],
    [0.0871557427, -0.2588190451, 0.4226182617, -0.5735764364, 0.7071067812, -0.8191520443, 0.9063077870, -0.9659258263, 0.9961946981, -0.9961946981, 0.9659258263, -0.9063077870, 0.8191520443, -0.7071067812, 0.5735764364, -0.4226182617, 0.2588190451, -0.0871557427, ],
];
pub static IMDCT_SHORT: [[f32; 6]; 12] = [
    [-0.2588190451, 0.7071067812, -0.9659258263, 0.9659258263, -0.7071067812, 0.2588190451, ],
    [-0.7071067812, 0.7071067812, 0.7071067812, -0.7071067812, -0.7071067812, 0.7071067812, ],
    [-0.9659258263, -0.7071067812, -0.2588190451, 0.2588190451, 0.7071067812, 0.9659258263, ],
    [-0.9659258263, -0.7071067812, -0.2588190451, 0.2588190451, 0.7071067812, 0.9659258263, ],
    [-0.7071067812, 0.7071067812, 0.7071067812, -0.7071067812, -0.7071067812, 0.7071067812, ],
    [-0.2588190451, 0.7071067812, -0.9659258263, 0.9659258263, -0.7071067812, 0.2588190451, ],
    [0.2588190451, -0.7071067812, 0.9659258263, -0.9659258263, 0.7071067812, -0.2588190451, ],
    [0.7071067812, -0.7071067812, -0.7071067812, 0.7071067812, 0.7071067812, -0.7071067812, ],
    [0.9659258263, 0.7071067812, 0.2588190451, -0.2588190451, -0.7071067812, -0.9659258263, ],
    [0.9659258263, 0.7071067812, 0.2588190451, -0.2588190451, -0.7071067812, -0.9659258263, ],
    [0.7071067812, -0.7071067812, -0.7071067812, 0.7071067812, 0.7071067812, -0.7071067812, ],
    [0.2588190451, -0.7071067812, 0.9659258263, -0.9659258263, 0.7071067812, -0.2588190451, ],
];
pub static WIN0: [f32; 36] = [
    0.0436193874, 0.1305261922, 0.2164396139, 0.3007057995, 0.3826834324, 0.4617486132, 0.5372996083, 0.6087614290, 0.6755902076, 0.7372773368, 0.7933533403, 0.8433914458, 0.8870108332, 0.9238795325, 0.9537169507, 0.9762960071, 0.9914448614, 0.9990482216, 0.9990482216, 0.9914448614, 0.9762960071, 0.9537169507, 0.9238795325, 0.8870108332, 0.8433914458, 0.7933533403, 0.7372773368, 0.6755902076, 0.6087614290, 0.5372996083, 0.4617486132, 0.3826834324, 0.3007057995, 0.2164396139, 0.1305261922, 0.0436193874, 
];
pub static WIN1: [f32; 36] = [
    0.0436193874, 0.1305261922, 0.2164396139, 0.3007057995, 0.3826834324, 0.4617486132, 0.5372996083, 0.6087614290, 0.6755902076, 0.7372773368, 0.7933533403, 0.8433914458, 0.8870108332, 0.9238795325, 0.9537169507, 0.9762960071, 0.9914448614, 0.9990482216, 1.0000000000, 1.0000000000, 1.0000000000, 1.0000000000, 1.0000000000, 1.0000000000, 0.9914448614, 0.9238795325, 0.7933533403, 0.6087614290, 0.3826834324, 0.1305261922, 0.0000000000, 0.0000000000, 0.0000000000, 0.0000000000, 0.0000000000, 0.0000000000, 
];
pub static WIN3: [f32; 36] = [
    0.0000000000, 0.0000000000, 0.0000000000, 0.0000000000, 0.0000000000, 0.0000000000, 0.1305261922, 0.3826834324, 0.6087614290, 0.7933533403, 0.9238795325, 0.9914448614, 1.0000000000, 1.0000000000, 1.0000000000, 1.0000000000, 1.0000000000, 1.0000000000, 0.9990482216, 0.9914448614, 0.9762960071, 0.9537169507, 0.9238795325, 0.8870108332, 0.8433914458, 0.7933533403, 0.7372773368, 0.6755902076, 0.6087614290, 0.5372996083, 0.4617486132, 0.3826834324, 0.3007057995, 0.2164396139, 0.1305261922, 0.0436193874, 
];
pub static WIN2: [f32; 12] = [
    0.1305261922, 0.3826834324, 0.6087614290, 0.7933533403, 0.9238795325, 0.9914448614, 0.9914448614, 0.9238795325, 0.7933533403, 0.6087614290, 0.3826834324, 0.1305261922, 
];
